trial,mean,ci_down,ci_up
0.0,0.00,0.00,0.00
5.0,456.69,451.64,461.74
10.0,499.53,499.13,499.93
15.0,500.00,500.00,500.00
20.0,500.00,500.00,500.00
25.0,500.00,500.00,500.00
30.0,500.00,500.00,500.00
35.0,500.00,500.00,500.00
40.0,500.00,500.00,500.00
45.0,500.00,500.00,500.00
50.0,500.00,500.00,500.00
55.0,500.00,500.00,500.00
60.0,500.00,500.00,500.00
65.0,500.00,500.00,500.00
70.0,500.00,500.00,500.00
75.0,500.00,500.00,500.00
80.0,500.00,500.00,500.00
85.0,500.00,500.00,500.00
90.0,500.00,500.00,500.00
95.0,500.00,500.00,500.00
100.0,500.00,500.00,500.00
105.0,500.00,500.00,500.00
110.0,500.00,500.00,500.00
115.0,500.00,500.00,500.00
120.0,500.00,500.00,500.00
125.0,500.00,500.00,500.00
130.0,500.00,500.00,500.00
135.0,500.00,500.00,500.00
140.0,500.00,500.00,500.00
145.0,500.00,500.00,500.00
150.0,500.00,500.00,500.00
155.0,500.00,500.00,500.00
160.0,500.00,500.00,500.00
165.0,500.00,500.00,500.00
170.0,500.00,500.00,500.00
175.0,500.00,500.00,500.00
180.0,500.00,500.00,500.00
185.0,500.00,500.00,500.00
190.0,500.00,500.00,500.00
195.0,500.00,500.00,500.00
200.0,500.00,500.00,500.00
205.0,500.00,500.00,500.00
210.0,500.00,500.00,500.00
215.0,500.00,500.00,500.00
220.0,500.00,500.00,500.00
225.0,500.00,500.00,500.00
230.0,500.00,500.00,500.00
235.0,500.00,500.00,500.00
240.0,500.00,500.00,500.00
245.0,500.00,500.00,500.00
250.0,500.00,500.00,500.00
255.0,500.00,500.00,500.00
260.0,500.00,500.00,500.00
265.0,500.00,500.00,500.00
270.0,500.00,500.00,500.00
275.0,500.00,500.00,500.00
280.0,500.00,500.00,500.00
285.0,500.00,500.00,500.00
290.0,500.00,500.00,500.00
295.0,500.00,500.00,500.00
300.0,500.00,500.00,500.00
305.0,500.00,500.00,500.00
310.0,500.00,500.00,500.00
315.0,500.00,500.00,500.00
320.0,500.00,500.00,500.00
325.0,500.00,500.00,500.00
330.0,500.00,500.00,500.00
335.0,500.00,500.00,500.00
340.0,500.00,500.00,500.00
345.0,500.00,500.00,500.00
350.0,500.00,500.00,500.00
355.0,500.00,500.00,500.00
360.0,500.00,500.00,500.00
365.0,500.00,500.00,500.00
370.0,500.00,500.00,500.00
375.0,500.00,500.00,500.00
380.0,500.00,500.00,500.00
385.0,500.00,500.00,500.00
390.0,500.00,500.00,500.00
395.0,500.00,500.00,500.00
400.0,500.00,500.00,500.00
405.0,500.00,500.00,500.00
410.0,500.00,500.00,500.00
415.0,500.00,500.00,500.00
420.0,500.00,500.00,500.00
425.0,500.00,500.00,500.00
430.0,500.00,500.00,500.00
435.0,500.00,500.00,500.00
440.0,500.00,500.00,500.00
445.0,500.00,500.00,500.00
450.0,500.00,500.00,500.00
455.0,500.00,500.00,500.00
460.0,500.00,500.00,500.00
465.0,500.00,500.00,500.00
470.0,500.00,500.00,500.00
475.0,500.00,500.00,500.00
480.0,500.00,500.00,500.00
485.0,500.00,500.00,500.00
490.0,500.00,500.00,500.00
495.0,500.00,500.00,500.00
500.0,500.00,500.00,500.00
