trial,mean,ci_down,ci_up
0.0,34.88,34.51,35.24
5.0,33.49,33.10,33.88
10.0,31.41,31.05,31.77
15.0,30.63,30.28,30.98
20.0,29.85,29.52,30.17
25.0,29.21,28.86,29.55
30.0,28.72,28.39,29.05
35.0,27.78,27.45,28.10
40.0,27.49,27.19,27.80
45.0,27.09,26.78,27.41
50.0,26.58,26.28,26.89
55.0,26.32,26.02,26.62
60.0,25.79,25.49,26.08
65.0,25.40,25.10,25.71
70.0,25.37,25.08,25.67
75.0,24.79,24.52,25.06
80.0,24.79,24.52,25.06
85.0,24.30,24.01,24.58
90.0,24.14,23.85,24.42
95.0,24.00,23.70,24.29
100.0,23.79,23.52,24.07
105.0,23.53,23.26,23.79
110.0,23.33,23.07,23.59
115.0,23.29,23.03,23.56
120.0,23.19,22.92,23.46
125.0,22.77,22.51,23.04
130.0,22.81,22.55,23.08
135.0,22.56,22.29,22.83
140.0,22.55,22.28,22.81
145.0,22.45,22.18,22.72
150.0,22.31,22.04,22.58
155.0,22.00,21.75,22.26
160.0,21.89,21.64,22.15
165.0,21.66,21.40,21.92
170.0,21.62,21.37,21.87
175.0,21.76,21.50,22.01
180.0,21.73,21.47,22.00
185.0,21.84,21.57,22.10
190.0,21.53,21.27,21.79
195.0,21.26,21.00,21.52
200.0,21.37,21.10,21.63
205.0,21.33,21.09,21.57
210.0,21.40,21.14,21.66
215.0,21.30,21.05,21.56
220.0,21.01,20.76,21.25
225.0,21.05,20.81,21.30
230.0,20.98,20.73,21.23
235.0,21.03,20.79,21.27
240.0,21.11,20.86,21.36
245.0,20.90,20.66,21.15
250.0,20.87,20.63,21.12
255.0,20.95,20.70,21.20
260.0,20.75,20.50,20.99
265.0,20.93,20.68,21.18
270.0,20.61,20.36,20.86
275.0,20.73,20.48,20.98
280.0,20.61,20.36,20.86
285.0,20.43,20.18,20.68
290.0,20.55,20.29,20.81
295.0,20.31,20.07,20.56
300.0,20.50,20.25,20.74
305.0,20.60,20.35,20.84
310.0,20.39,20.14,20.63
315.0,20.25,20.00,20.49
320.0,20.24,19.99,20.49
325.0,20.09,19.84,20.33
330.0,20.36,20.12,20.61
335.0,20.23,20.00,20.47
340.0,20.12,19.87,20.37
345.0,20.22,19.98,20.46
350.0,20.37,20.11,20.63
355.0,20.14,19.91,20.38
360.0,20.34,20.09,20.59
365.0,20.14,19.89,20.38
370.0,20.11,19.87,20.35
375.0,19.99,19.75,20.23
380.0,20.04,19.80,20.28
385.0,20.23,19.99,20.47
390.0,20.24,20.00,20.49
395.0,19.88,19.64,20.13
400.0,19.93,19.69,20.17
405.0,20.03,19.77,20.29
410.0,19.90,19.65,20.14
415.0,19.99,19.75,20.23
420.0,19.98,19.74,20.22
425.0,20.15,19.90,20.40
430.0,19.93,19.69,20.17
435.0,19.71,19.47,19.95
440.0,20.02,19.77,20.27
445.0,19.93,19.69,20.16
450.0,19.87,19.63,20.11
455.0,19.89,19.66,20.13
460.0,19.77,19.53,20.01
465.0,19.83,19.60,20.06
470.0,19.78,19.54,20.03
475.0,19.68,19.44,19.91
480.0,19.77,19.54,20.00
485.0,19.52,19.29,19.75
490.0,19.66,19.42,19.90
495.0,19.66,19.43,19.88
500.0,19.57,19.33,19.81
