trial,mean,ci_down,ci_up
0.0,34.25,32.83,35.67
5.0,33.91,32.41,35.42
10.0,33.75,32.35,35.14
15.0,30.26,29.06,31.46
20.0,31.83,30.47,33.19
25.0,30.43,29.10,31.77
30.0,29.33,27.94,30.73
35.0,28.98,27.61,30.34
40.0,29.85,28.60,31.10
45.0,28.91,27.78,30.05
50.0,27.93,26.53,29.33
55.0,28.72,27.58,29.87
60.0,28.10,27.05,29.16
65.0,27.79,26.54,29.04
70.0,26.13,25.01,27.26
75.0,27.39,26.37,28.42
80.0,27.56,26.26,28.87
85.0,26.84,25.71,27.97
90.0,26.06,25.09,27.04
95.0,25.78,24.59,26.96
100.0,25.46,24.16,26.75
105.0,26.88,25.65,28.12
110.0,25.17,23.99,26.34
115.0,25.30,24.01,26.60
120.0,24.85,23.89,25.80
125.0,26.06,25.01,27.10
130.0,25.14,23.74,26.53
135.0,25.01,23.97,26.06
140.0,24.48,23.35,25.61
145.0,24.27,23.15,25.39
150.0,24.96,23.93,25.99
155.0,24.55,23.31,25.79
160.0,25.77,24.61,26.92
165.0,24.00,22.97,25.02
170.0,24.23,23.13,25.32
175.0,23.82,22.88,24.75
180.0,25.29,23.95,26.63
185.0,23.25,22.23,24.27
190.0,24.71,23.44,25.97
195.0,25.13,23.85,26.42
200.0,24.75,23.66,25.84
205.0,24.40,23.32,25.48
210.0,25.69,24.23,27.15
215.0,24.74,23.48,26.00
220.0,25.17,23.83,26.52
225.0,25.48,24.38,26.59
230.0,23.84,22.72,24.97
235.0,24.10,23.01,25.19
240.0,24.55,23.50,25.60
245.0,24.94,23.87,26.02
250.0,24.32,23.16,25.47
255.0,24.84,23.73,25.95
260.0,24.04,23.11,24.97
265.0,24.23,23.24,25.23
270.0,24.20,22.93,25.47
275.0,24.62,23.41,25.82
280.0,25.47,24.26,26.67
285.0,24.57,23.58,25.57
290.0,24.48,23.42,25.53
295.0,25.05,23.88,26.23
300.0,23.87,22.74,25.00
305.0,24.23,23.07,25.39
310.0,24.32,23.26,25.37
315.0,24.92,23.98,25.87
320.0,24.97,23.88,26.07
325.0,25.31,24.08,26.55
330.0,24.70,23.64,25.77
335.0,24.76,23.59,25.92
340.0,23.58,22.37,24.79
345.0,25.33,24.13,26.54
350.0,25.40,24.22,26.57
355.0,24.12,22.84,25.40
360.0,24.48,23.44,25.52
365.0,24.22,23.08,25.36
370.0,24.46,23.49,25.43
375.0,25.87,24.67,27.08
380.0,24.22,23.13,25.30
385.0,24.62,23.35,25.88
390.0,25.07,23.90,26.23
395.0,24.92,23.86,25.98
400.0,24.19,23.32,25.06
405.0,24.50,23.42,25.58
410.0,24.58,23.36,25.81
415.0,24.40,23.35,25.45
420.0,23.18,22.04,24.31
425.0,24.22,22.90,25.53
430.0,24.31,23.26,25.36
435.0,24.54,23.22,25.86
440.0,25.13,24.11,26.15
445.0,25.13,23.98,26.27
450.0,24.35,23.23,25.46
455.0,23.89,22.86,24.92
460.0,23.90,22.75,25.05
465.0,24.80,23.55,26.05
470.0,24.43,23.31,25.55
475.0,24.36,23.34,25.39
480.0,24.52,23.29,25.76
485.0,24.77,23.73,25.80
490.0,24.68,23.56,25.81
495.0,24.34,23.36,25.31
500.0,24.88,23.83,25.93
