trial,mean,ci_down,ci_up
0.0,34.88,34.51,35.24
5.0,34.03,33.67,34.38
10.0,33.03,32.67,33.39
15.0,31.89,31.54,32.25
20.0,30.85,30.49,31.20
25.0,30.02,29.70,30.34
30.0,29.50,29.17,29.83
35.0,28.76,28.44,29.08
40.0,28.10,27.78,28.42
45.0,27.78,27.46,28.11
50.0,27.31,26.98,27.63
55.0,26.73,26.42,27.04
60.0,26.28,25.97,26.59
65.0,25.84,25.53,26.15
70.0,25.42,25.12,25.72
75.0,25.61,25.30,25.92
80.0,25.02,24.72,25.31
85.0,24.80,24.52,25.08
90.0,24.58,24.29,24.87
95.0,24.04,23.77,24.31
100.0,24.15,23.85,24.44
105.0,23.86,23.57,24.15
110.0,23.53,23.26,23.80
115.0,23.29,23.02,23.57
120.0,23.22,22.94,23.51
125.0,22.91,22.63,23.18
130.0,22.66,22.39,22.92
135.0,22.59,22.32,22.86
140.0,22.67,22.40,22.95
145.0,22.46,22.21,22.71
150.0,22.31,22.04,22.57
155.0,22.34,22.08,22.59
160.0,22.20,21.93,22.46
165.0,22.03,21.78,22.29
170.0,21.72,21.46,21.98
175.0,22.03,21.77,22.29
180.0,21.54,21.29,21.79
185.0,21.61,21.35,21.86
190.0,21.61,21.35,21.87
195.0,21.62,21.38,21.87
200.0,21.52,21.27,21.77
205.0,21.60,21.35,21.86
210.0,21.48,21.23,21.73
215.0,21.25,21.01,21.50
220.0,21.20,20.95,21.45
225.0,21.18,20.93,21.42
230.0,20.82,20.58,21.07
235.0,20.81,20.56,21.06
240.0,20.83,20.58,21.08
245.0,20.91,20.66,21.16
250.0,20.81,20.56,21.06
255.0,21.01,20.76,21.26
260.0,21.07,20.82,21.33
265.0,20.74,20.47,21.00
270.0,20.77,20.52,21.02
275.0,20.67,20.42,20.91
280.0,20.65,20.40,20.89
285.0,20.55,20.32,20.79
290.0,20.39,20.16,20.63
295.0,20.48,20.22,20.73
300.0,20.45,20.22,20.69
305.0,20.52,20.27,20.77
310.0,20.44,20.19,20.69
315.0,20.30,20.06,20.54
320.0,20.45,20.21,20.68
325.0,20.41,20.18,20.64
330.0,20.11,19.87,20.36
335.0,20.21,19.96,20.45
340.0,20.22,19.97,20.47
345.0,19.96,19.72,20.20
350.0,20.14,19.90,20.39
355.0,20.17,19.93,20.42
360.0,20.30,20.06,20.55
365.0,20.13,19.89,20.38
370.0,20.12,19.87,20.36
375.0,20.00,19.76,20.24
380.0,19.84,19.61,20.07
385.0,20.02,19.78,20.26
390.0,19.88,19.65,20.12
395.0,20.08,19.84,20.31
400.0,20.06,19.82,20.31
405.0,20.12,19.88,20.36
410.0,19.79,19.56,20.02
415.0,20.09,19.85,20.33
420.0,19.85,19.62,20.09
425.0,20.03,19.78,20.28
430.0,19.71,19.48,19.94
435.0,19.87,19.63,20.11
440.0,19.97,19.73,20.22
445.0,20.10,19.86,20.34
450.0,19.95,19.73,20.18
455.0,19.74,19.49,19.98
460.0,19.89,19.65,20.12
465.0,19.80,19.56,20.04
470.0,19.91,19.68,20.14
475.0,20.03,19.78,20.28
480.0,19.90,19.66,20.14
485.0,19.91,19.66,20.16
490.0,19.94,19.69,20.18
495.0,19.61,19.38,19.84
500.0,19.93,19.69,20.16
