trial,mean,ci_down,ci_up
0.0,0.00,0.00,0.00
5.0,11.21,10.87,11.56
10.0,24.47,23.82,25.13
15.0,40.27,39.37,41.17
20.0,57.58,56.51,58.65
25.0,74.58,73.38,75.77
30.0,91.50,90.26,92.74
35.0,107.46,106.18,108.73
40.0,123.15,121.85,124.45
45.0,137.86,136.55,139.18
50.0,151.92,150.59,153.25
55.0,164.76,163.41,166.11
60.0,177.32,175.97,178.68
65.0,189.20,187.85,190.56
70.0,200.35,198.99,201.72
75.0,210.89,209.54,212.23
80.0,221.23,219.88,222.58
85.0,231.28,229.93,232.62
90.0,240.76,239.44,242.08
95.0,249.68,248.35,251.01
100.0,258.18,256.87,259.49
105.0,266.22,264.93,267.52
110.0,274.10,272.81,275.39
115.0,281.70,280.42,282.98
120.0,288.94,287.67,290.20
125.0,296.01,294.75,297.27
130.0,302.87,301.60,304.14
135.0,309.46,308.19,310.73
140.0,315.80,314.53,317.06
145.0,322.16,320.90,323.42
150.0,328.43,327.18,329.68
155.0,334.20,332.94,335.45
160.0,340.01,338.76,341.27
165.0,345.72,344.46,346.98
170.0,351.20,349.94,352.46
175.0,356.50,355.23,357.76
180.0,361.65,360.38,362.92
185.0,366.78,365.51,368.05
190.0,371.68,370.41,372.95
195.0,376.44,375.17,377.71
200.0,381.32,380.03,382.60
205.0,386.20,384.92,387.48
210.0,390.80,389.53,392.08
215.0,395.51,394.23,396.78
220.0,400.00,398.72,401.29
225.0,404.42,403.12,405.71
230.0,408.57,407.27,409.87
235.0,412.92,411.62,414.23
240.0,417.06,415.75,418.36
245.0,421.17,419.86,422.48
250.0,425.29,423.97,426.61
255.0,429.26,427.93,430.59
260.0,433.23,431.90,434.56
265.0,437.16,435.82,438.49
270.0,440.96,439.62,442.30
275.0,444.57,443.24,445.90
280.0,448.20,446.87,449.53
285.0,451.72,450.40,453.03
290.0,455.34,454.04,456.64
295.0,458.85,457.58,460.12
300.0,462.12,460.88,463.37
305.0,465.29,464.07,466.50
310.0,468.32,467.14,469.49
315.0,471.16,470.02,472.30
320.0,473.90,472.81,475.00
325.0,476.48,475.43,477.53
330.0,478.92,477.92,479.92
335.0,481.13,480.18,482.09
340.0,483.20,482.30,484.09
345.0,485.17,484.32,486.01
350.0,487.01,486.22,487.80
355.0,488.70,487.96,489.44
360.0,490.21,489.53,490.90
365.0,491.58,490.94,492.21
370.0,492.77,492.19,493.35
375.0,493.86,493.33,494.39
380.0,494.79,494.31,495.28
385.0,495.59,495.14,496.03
390.0,496.29,495.89,496.69
395.0,496.91,496.55,497.28
400.0,497.42,497.09,497.75
405.0,497.85,497.56,498.15
410.0,498.25,497.98,498.51
415.0,498.55,498.32,498.79
420.0,498.83,498.62,499.04
425.0,499.06,498.87,499.24
430.0,499.25,499.09,499.41
435.0,499.40,499.26,499.54
440.0,499.53,499.40,499.65
445.0,499.61,499.50,499.73
450.0,499.69,499.59,499.79
455.0,499.75,499.66,499.84
460.0,499.81,499.74,499.88
465.0,499.85,499.79,499.91
470.0,499.88,499.83,499.94
475.0,499.91,499.86,499.95
480.0,499.93,499.89,499.97
485.0,499.95,499.92,499.98
490.0,499.97,499.95,499.99
495.0,499.99,499.97,500.00
500.0,499.99,499.99,500.00
