trial,mean,ci_down,ci_up
0.0,0.00,0.00,0.00
5.0,13.58,11.82,15.34
10.0,32.99,29.87,36.10
15.0,54.22,49.66,58.78
20.0,77.56,72.84,82.28
25.0,97.95,92.80,103.10
30.0,118.78,113.71,123.86
35.0,138.05,132.49,143.61
40.0,156.37,151.01,161.73
45.0,174.99,169.16,180.82
50.0,192.93,186.82,199.03
55.0,207.90,201.79,214.01
60.0,223.73,217.32,230.13
65.0,238.19,231.98,244.41
70.0,251.60,245.34,257.85
75.0,265.45,259.45,271.46
80.0,277.23,271.05,283.42
85.0,289.02,282.84,295.19
90.0,300.78,294.67,306.89
95.0,312.38,306.26,318.50
100.0,322.66,316.70,328.63
105.0,332.76,326.68,338.85
110.0,343.44,337.61,349.26
115.0,353.43,347.67,359.20
120.0,362.37,356.86,367.89
125.0,372.00,366.56,377.45
130.0,380.12,374.55,385.68
135.0,388.04,382.68,393.41
140.0,395.71,390.35,401.06
145.0,403.56,398.25,408.86
150.0,411.15,405.84,416.45
155.0,419.26,414.01,424.51
160.0,426.64,421.48,431.79
165.0,433.46,428.51,438.42
170.0,440.76,435.81,445.71
175.0,447.39,442.50,452.28
180.0,454.53,449.86,459.20
185.0,460.95,456.34,465.56
190.0,466.68,462.23,471.14
195.0,471.64,467.39,475.89
200.0,476.22,472.27,480.17
205.0,480.13,476.38,483.87
210.0,483.90,480.51,487.29
215.0,486.72,483.56,489.87
220.0,489.45,486.67,492.24
225.0,491.55,489.04,494.07
230.0,493.58,491.41,495.75
235.0,495.12,493.25,497.00
240.0,496.23,494.54,497.92
245.0,497.31,495.91,498.72
250.0,498.01,496.82,499.20
255.0,498.71,497.74,499.69
260.0,499.25,498.49,500.02
265.0,499.53,498.93,500.13
270.0,499.62,499.07,500.16
275.0,499.66,499.15,500.18
280.0,499.72,499.28,500.17
285.0,499.80,499.42,500.18
290.0,499.86,499.57,500.14
295.0,499.89,499.67,500.11
300.0,499.90,499.70,500.10
305.0,499.93,499.79,500.07
310.0,499.94,499.82,500.06
315.0,499.96,499.88,500.04
320.0,499.97,499.92,500.03
325.0,500.00,500.00,500.00
330.0,500.00,500.00,500.00
335.0,500.00,500.00,500.00
340.0,500.00,500.00,500.00
345.0,500.00,500.00,500.00
350.0,500.00,500.00,500.00
355.0,500.00,500.00,500.00
360.0,500.00,500.00,500.00
365.0,500.00,500.00,500.00
370.0,500.00,500.00,500.00
375.0,500.00,500.00,500.00
380.0,500.00,500.00,500.00
385.0,500.00,500.00,500.00
390.0,500.00,500.00,500.00
395.0,500.00,500.00,500.00
400.0,500.00,500.00,500.00
405.0,500.00,500.00,500.00
410.0,500.00,500.00,500.00
415.0,500.00,500.00,500.00
420.0,500.00,500.00,500.00
425.0,500.00,500.00,500.00
430.0,500.00,500.00,500.00
435.0,500.00,500.00,500.00
440.0,500.00,500.00,500.00
445.0,500.00,500.00,500.00
450.0,500.00,500.00,500.00
455.0,500.00,500.00,500.00
460.0,500.00,500.00,500.00
465.0,500.00,500.00,500.00
470.0,500.00,500.00,500.00
475.0,500.00,500.00,500.00
480.0,500.00,500.00,500.00
485.0,500.00,500.00,500.00
490.0,500.00,500.00,500.00
495.0,500.00,500.00,500.00
500.0,500.00,500.00,500.00
