trial,mean,ci_down,ci_up
0.0,33.64,32.33,34.94
5.0,33.58,32.24,34.93
10.0,33.61,32.38,34.85
15.0,31.90,30.62,33.19
20.0,30.74,29.38,32.11
25.0,30.57,29.46,31.67
30.0,30.93,29.77,32.09
35.0,30.39,28.97,31.81
40.0,28.89,27.77,30.01
45.0,30.16,28.80,31.52
50.0,28.17,26.65,29.69
55.0,29.36,28.07,30.65
60.0,29.04,27.94,30.15
65.0,27.70,26.46,28.93
70.0,28.09,27.09,29.10
75.0,28.97,27.77,30.17
80.0,28.67,27.38,29.97
85.0,26.93,25.90,27.97
90.0,26.95,25.79,28.11
95.0,26.79,25.85,27.73
100.0,27.56,26.43,28.70
105.0,27.45,26.34,28.55
110.0,25.25,24.14,26.35
115.0,26.41,25.37,27.45
120.0,26.15,24.98,27.32
125.0,26.36,25.33,27.38
130.0,25.57,24.44,26.69
135.0,27.01,25.64,28.37
140.0,26.25,25.15,27.35
145.0,25.70,24.73,26.67
150.0,25.64,24.53,26.75
155.0,24.95,23.87,26.03
160.0,25.41,24.31,26.51
165.0,25.18,24.03,26.32
170.0,26.14,25.07,27.22
175.0,24.85,23.68,26.02
180.0,25.47,24.41,26.54
185.0,25.16,24.20,26.11
190.0,25.48,24.24,26.71
195.0,25.41,24.35,26.48
200.0,25.26,24.26,26.27
205.0,25.65,24.61,26.68
210.0,25.32,24.33,26.31
215.0,24.83,23.86,25.81
220.0,25.71,24.68,26.74
225.0,25.43,24.35,26.51
230.0,24.22,23.27,25.17
235.0,24.43,23.32,25.54
240.0,24.65,23.58,25.73
245.0,24.39,23.40,25.39
250.0,24.92,23.79,26.05
255.0,24.56,23.55,25.57
260.0,24.15,23.14,25.16
265.0,25.39,24.27,26.51
270.0,24.62,23.62,25.61
275.0,25.04,23.93,26.14
280.0,23.98,22.87,25.09
285.0,24.00,23.05,24.95
290.0,24.08,22.97,25.19
295.0,24.50,23.30,25.70
300.0,24.67,23.58,25.75
305.0,24.52,23.56,25.47
310.0,24.18,23.22,25.14
315.0,24.98,23.91,26.06
320.0,23.98,23.05,24.90
325.0,24.27,23.26,25.28
330.0,23.47,22.47,24.47
335.0,23.96,23.05,24.88
340.0,24.16,23.14,25.18
345.0,25.16,24.12,26.19
350.0,24.61,23.42,25.79
355.0,24.72,23.69,25.75
360.0,24.66,23.76,25.57
365.0,23.79,22.64,24.94
370.0,24.09,23.06,25.11
375.0,24.10,22.97,25.23
380.0,24.49,23.46,25.53
385.0,23.91,22.95,24.87
390.0,24.87,23.75,25.99
395.0,24.06,23.10,25.02
400.0,23.77,22.70,24.84
405.0,24.60,23.68,25.53
410.0,24.45,23.48,25.41
415.0,24.22,23.25,25.19
420.0,24.21,23.21,25.22
425.0,23.90,23.02,24.77
430.0,23.97,23.01,24.92
435.0,23.90,22.85,24.95
440.0,24.04,23.08,25.00
445.0,25.25,24.44,26.06
450.0,24.82,23.81,25.84
455.0,23.83,22.87,24.79
460.0,24.48,23.44,25.53
465.0,23.96,22.90,25.01
470.0,25.12,24.00,26.23
475.0,23.87,22.79,24.95
480.0,24.44,23.43,25.46
485.0,24.70,23.76,25.64
490.0,24.88,23.78,25.98
495.0,23.93,22.86,25.01
500.0,24.79,23.89,25.70
