trial,mean,ci_down,ci_up
0.0,34.77,34.40,35.14
5.0,34.25,33.88,34.63
10.0,32.96,32.60,33.32
15.0,32.26,31.90,32.61
20.0,31.66,31.31,32.01
25.0,31.22,30.88,31.56
30.0,30.84,30.50,31.19
35.0,30.46,30.12,30.80
40.0,29.65,29.31,29.98
45.0,29.62,29.29,29.95
50.0,29.10,28.76,29.44
55.0,28.76,28.44,29.07
60.0,28.44,28.12,28.76
65.0,28.19,27.88,28.50
70.0,28.20,27.90,28.50
75.0,27.48,27.16,27.80
80.0,27.37,27.07,27.67
85.0,27.25,26.96,27.55
90.0,27.22,26.91,27.52
95.0,27.02,26.72,27.33
100.0,26.86,26.55,27.16
105.0,26.69,26.39,26.99
110.0,26.66,26.35,26.97
115.0,26.41,26.11,26.71
120.0,26.34,26.05,26.63
125.0,26.13,25.83,26.44
130.0,25.97,25.67,26.26
135.0,26.06,25.76,26.35
140.0,25.83,25.53,26.12
145.0,25.76,25.46,26.05
150.0,25.76,25.47,26.04
155.0,25.51,25.23,25.79
160.0,25.51,25.23,25.79
165.0,25.43,25.14,25.72
170.0,25.44,25.15,25.73
175.0,25.14,24.85,25.43
180.0,25.27,24.98,25.57
185.0,25.33,25.03,25.63
190.0,25.20,24.91,25.49
195.0,25.21,24.93,25.50
200.0,25.63,25.34,25.92
205.0,25.12,24.84,25.41
210.0,25.17,24.89,25.45
215.0,25.00,24.71,25.29
220.0,24.82,24.55,25.10
225.0,24.97,24.68,25.25
230.0,24.75,24.46,25.04
235.0,24.77,24.48,25.05
240.0,24.82,24.53,25.10
245.0,24.87,24.59,25.15
250.0,24.74,24.46,25.03
255.0,24.86,24.58,25.13
260.0,24.61,24.34,24.89
265.0,24.79,24.51,25.06
270.0,24.69,24.42,24.96
275.0,24.50,24.21,24.78
280.0,24.44,24.17,24.70
285.0,24.66,24.38,24.93
290.0,24.65,24.37,24.93
295.0,24.89,24.61,25.17
300.0,24.66,24.39,24.93
305.0,24.70,24.42,24.99
310.0,24.53,24.25,24.81
315.0,24.43,24.16,24.70
320.0,24.34,24.06,24.61
325.0,24.49,24.21,24.77
330.0,24.78,24.50,25.06
335.0,24.55,24.27,24.83
340.0,24.62,24.34,24.89
345.0,24.40,24.12,24.67
350.0,24.34,24.06,24.62
355.0,24.39,24.12,24.67
360.0,24.40,24.13,24.67
365.0,24.73,24.45,25.01
370.0,24.24,23.97,24.51
375.0,24.49,24.22,24.76
380.0,24.33,24.05,24.60
385.0,24.56,24.27,24.85
390.0,24.38,24.11,24.66
395.0,24.24,23.96,24.51
400.0,24.57,24.30,24.84
405.0,24.19,23.92,24.47
410.0,24.80,24.53,25.07
415.0,24.49,24.21,24.77
420.0,24.26,23.98,24.54
425.0,24.50,24.22,24.77
430.0,24.53,24.24,24.81
435.0,24.28,24.00,24.57
440.0,24.34,24.06,24.61
445.0,24.39,24.11,24.67
450.0,24.45,24.18,24.71
455.0,24.52,24.24,24.79
460.0,24.47,24.19,24.75
465.0,24.59,24.32,24.87
470.0,24.47,24.18,24.77
475.0,24.49,24.20,24.77
480.0,24.41,24.14,24.68
485.0,24.46,24.18,24.74
490.0,24.16,23.89,24.43
495.0,24.39,24.11,24.66
500.0,24.43,24.16,24.71
