trial,mean,ci_down,ci_up
0.0,3.50,3.02,3.98
20.0,3.24,2.78,3.70
40.0,3.70,3.19,4.21
60.0,3.54,3.05,4.03
80.0,5.04,4.27,5.81
100.0,5.66,5.08,6.24
120.0,6.78,5.98,7.58
140.0,7.36,6.49,8.23
160.0,8.98,8.09,9.87
180.0,9.96,8.82,11.10
200.0,11.72,10.66,12.78
220.0,13.16,11.96,14.36
240.0,12.96,11.69,14.23
260.0,14.86,13.43,16.29
280.0,15.64,14.11,17.17
300.0,17.18,15.44,18.92
320.0,17.62,15.97,19.27
340.0,17.96,16.20,19.72
360.0,19.42,17.83,21.01
380.0,20.56,18.87,22.25
400.0,20.98,19.19,22.77
420.0,23.50,21.79,25.21
440.0,23.22,21.61,24.83
460.0,24.30,22.31,26.29
480.0,25.34,23.57,27.11
500.0,27.68,26.10,29.26
520.0,26.30,24.88,27.72
540.0,29.20,27.37,31.03
560.0,28.10,26.36,29.84
580.0,31.14,29.56,32.72
600.0,31.08,29.10,33.06
620.0,32.80,31.03,34.57
640.0,32.86,31.05,34.67
660.0,32.04,29.90,34.18
680.0,34.22,32.31,36.13
700.0,34.36,32.35,36.37
720.0,36.60,34.79,38.41
740.0,36.12,34.44,37.80
760.0,36.66,34.96,38.36
780.0,38.20,36.19,40.21
800.0,38.06,35.91,40.21
820.0,39.64,37.86,41.42
840.0,39.58,37.65,41.51
860.0,40.24,38.32,42.16
880.0,41.28,39.54,43.02
900.0,41.86,39.91,43.81
920.0,42.72,40.68,44.76
940.0,43.02,40.88,45.16
960.0,43.38,41.31,45.45
980.0,43.54,41.71,45.37
1000.0,44.48,42.56,46.40
1020.0,45.76,44.03,47.49
1040.0,45.58,43.80,47.36
1060.0,44.62,42.50,46.74
1080.0,45.30,43.24,47.36
1100.0,46.70,44.83,48.57
1120.0,46.34,44.37,48.31
1140.0,47.62,46.02,49.22
1160.0,46.34,44.50,48.18
1180.0,47.88,46.01,49.75
1200.0,48.38,46.60,50.16
1220.0,48.92,47.23,50.61
1240.0,49.80,47.83,51.77
1260.0,49.10,47.42,50.78
1280.0,50.56,48.67,52.45
1300.0,50.58,48.57,52.59
1320.0,49.12,47.05,51.19
1340.0,51.30,49.44,53.16
1360.0,50.72,48.72,52.72
1380.0,50.92,48.99,52.85
1400.0,52.36,50.38,54.34
1420.0,51.16,49.36,52.96
1440.0,52.16,50.20,54.12
1460.0,53.70,51.79,55.61
1480.0,52.94,51.00,54.88
1500.0,53.04,51.33,54.75
1520.0,53.64,51.55,55.73
1540.0,52.32,50.28,54.36
1560.0,52.98,50.95,55.01
1580.0,51.80,49.90,53.70
1600.0,52.44,50.57,54.31
1620.0,53.74,51.55,55.93
1640.0,54.34,52.66,56.02
1660.0,55.08,53.14,57.02
1680.0,55.08,52.83,57.33
1700.0,55.06,53.18,56.94
1720.0,55.46,53.63,57.29
1740.0,54.72,52.52,56.92
1760.0,55.96,54.23,57.69
1780.0,55.96,53.79,58.13
1800.0,56.52,54.37,58.67
1820.0,55.88,54.01,57.75
1840.0,55.80,53.95,57.65
1860.0,56.22,54.30,58.14
1880.0,57.42,55.23,59.61
1900.0,55.52,53.28,57.76
1920.0,57.54,55.62,59.46
1940.0,57.36,55.75,58.97
1960.0,57.82,55.94,59.70
1980.0,56.16,54.31,58.01
2000.0,56.38,54.66,58.10
2020.0,58.28,56.23,60.33
2040.0,57.08,55.09,59.07
2060.0,58.70,56.75,60.65
2080.0,58.10,56.14,60.06
2100.0,58.28,56.44,60.12
2120.0,57.52,55.33,59.71
2140.0,58.76,56.86,60.66
2160.0,58.76,56.72,60.80
2180.0,57.64,55.87,59.41
2200.0,59.78,58.03,61.53
2220.0,59.98,58.46,61.50
2240.0,59.94,58.08,61.80
2260.0,59.52,57.38,61.66
2280.0,60.82,59.11,62.53
2300.0,62.14,60.11,64.17
2320.0,60.42,58.50,62.34
2340.0,60.56,58.69,62.43
2360.0,62.00,60.03,63.97
2380.0,61.56,59.60,63.52
2400.0,60.78,58.88,62.68
2420.0,61.66,59.42,63.90
2440.0,60.86,58.36,63.36
2460.0,61.34,59.30,63.38
2480.0,61.74,59.85,63.63
2500.0,62.18,60.28,64.08
2520.0,62.16,60.45,63.87
2540.0,61.58,59.75,63.41
2560.0,61.66,59.90,63.42
2580.0,62.68,60.82,64.54
2600.0,61.88,60.15,63.61
2620.0,63.40,61.32,65.48
2640.0,61.44,59.66,63.22
2660.0,63.08,61.30,64.86
2680.0,61.92,59.73,64.11
2700.0,62.46,60.75,64.17
2720.0,63.02,60.90,65.14
2740.0,62.92,61.11,64.73
2760.0,62.32,60.27,64.37
2780.0,62.42,60.67,64.17
2800.0,64.28,62.74,65.82
2820.0,63.42,61.58,65.26
2840.0,63.08,61.16,65.00
2860.0,64.98,63.32,66.64
2880.0,63.88,62.02,65.74
2900.0,63.90,62.12,65.68
2920.0,64.68,62.78,66.58
2940.0,63.06,60.85,65.27
2960.0,64.04,62.33,65.75
2980.0,64.46,62.53,66.39
3000.0,64.86,63.14,66.58
3020.0,64.54,62.58,66.50
3040.0,65.36,63.55,67.17
3060.0,65.16,63.18,67.14
3080.0,64.88,63.24,66.52
3100.0,65.00,63.02,66.98
3120.0,64.94,62.94,66.94
3140.0,65.54,63.44,67.64
3160.0,64.62,62.80,66.44
3180.0,65.60,63.68,67.52
3200.0,65.42,63.52,67.32
3220.0,65.42,63.43,67.41
3240.0,64.00,62.12,65.88
3260.0,65.44,63.54,67.34
3280.0,63.86,61.81,65.91
3300.0,65.58,63.68,67.48
3320.0,64.30,62.46,66.14
3340.0,66.10,64.36,67.84
3360.0,64.36,62.40,66.32
3380.0,63.84,62.14,65.54
3400.0,64.90,63.05,66.75
3420.0,66.50,64.55,68.45
3440.0,64.24,62.53,65.95
3460.0,66.56,65.01,68.11
3480.0,64.52,62.73,66.31
3500.0,65.16,63.78,66.54
3520.0,66.62,64.93,68.31
3540.0,65.42,63.89,66.95
3560.0,64.90,63.17,66.63
3580.0,65.72,63.82,67.62
3600.0,65.00,63.05,66.95
3620.0,65.42,63.45,67.39
3640.0,66.78,64.76,68.80
3660.0,65.98,64.33,67.63
3680.0,67.52,65.77,69.27
3700.0,66.38,64.74,68.02
3720.0,67.24,65.51,68.97
3740.0,67.02,65.16,68.88
3760.0,66.50,64.43,68.57
3780.0,66.58,64.77,68.39
3800.0,66.88,64.74,69.02
3820.0,67.10,65.18,69.02
3840.0,66.48,64.71,68.25
3860.0,65.80,63.83,67.77
3880.0,67.40,65.43,69.37
3900.0,67.64,65.68,69.60
3920.0,67.12,65.30,68.94
3940.0,69.06,67.19,70.93
3960.0,68.38,66.35,70.41
3980.0,66.62,64.58,68.66
4000.0,66.94,64.86,69.02
4020.0,68.38,66.16,70.60
4040.0,68.94,67.14,70.74
4060.0,67.42,65.43,69.41
4080.0,67.72,65.64,69.80
4100.0,67.92,66.17,69.67
4120.0,67.80,65.74,69.86
4140.0,67.94,66.13,69.75
4160.0,68.14,66.36,69.92
4180.0,68.86,67.17,70.55
4200.0,69.24,67.17,71.31
4220.0,68.20,66.31,70.09
4240.0,68.66,66.80,70.52
4260.0,68.86,66.82,70.90
4280.0,69.90,68.24,71.56
4300.0,67.46,65.32,69.60
4320.0,67.74,65.78,69.70
4340.0,68.70,66.86,70.54
4360.0,68.26,66.26,70.26
4380.0,69.04,66.87,71.21
4400.0,69.10,66.83,71.37
4420.0,68.60,66.74,70.46
4440.0,68.54,66.30,70.78
4460.0,68.10,66.24,69.96
4480.0,68.24,66.11,70.37
4500.0,67.42,65.61,69.23
4520.0,68.98,67.08,70.88
4540.0,68.88,67.01,70.75
4560.0,68.66,67.04,70.28
4580.0,68.54,66.90,70.18
4600.0,69.12,67.50,70.74
4620.0,69.04,67.24,70.84
4640.0,68.94,67.17,70.71
4660.0,70.42,68.59,72.25
4680.0,69.48,67.58,71.38
4700.0,69.12,67.27,70.97
4720.0,69.50,67.81,71.19
4740.0,68.98,67.06,70.90
4760.0,68.30,66.34,70.26
4780.0,69.72,68.11,71.33
4800.0,68.48,66.66,70.30
4820.0,69.22,67.11,71.33
4840.0,69.02,67.16,70.88
4860.0,69.84,68.01,71.67
4880.0,70.88,69.27,72.49
4900.0,71.00,69.09,72.91
4920.0,70.14,68.25,72.03
4940.0,69.40,67.61,71.19
4960.0,70.92,69.11,72.73
4980.0,69.62,67.76,71.48
5000.0,69.92,67.89,71.95
