trial,mean,ci_down,ci_up
0.0,39.88,37.75,42.01
20.0,39.99,37.16,42.83
40.0,49.36,44.07,54.65
60.0,58.93,54.05,63.80
80.0,64.95,59.73,70.18
100.0,66.50,62.39,70.62
120.0,74.08,69.93,78.22
140.0,77.62,73.95,81.29
160.0,81.59,79.09,84.09
180.0,82.28,78.64,85.92
200.0,84.38,81.48,87.28
220.0,88.21,85.64,90.79
240.0,91.57,89.54,93.59
260.0,92.62,90.23,95.00
280.0,94.42,92.32,96.53
300.0,92.46,90.09,94.82
320.0,92.73,90.53,94.93
340.0,93.68,91.79,95.57
360.0,94.13,91.99,96.28
380.0,95.70,93.78,97.61
400.0,97.38,95.44,99.32
420.0,97.56,95.82,99.30
440.0,97.23,95.35,99.11
460.0,97.70,95.86,99.55
480.0,100.05,98.49,101.61
500.0,99.44,97.81,101.07
520.0,99.02,97.63,100.41
540.0,99.39,97.82,100.96
560.0,100.41,98.89,101.93
580.0,99.22,97.82,100.62
600.0,99.55,98.15,100.94
620.0,100.64,99.26,102.02
640.0,100.44,98.87,102.02
660.0,100.58,99.19,101.97
680.0,100.72,99.34,102.10
700.0,101.11,99.64,102.58
720.0,102.10,100.51,103.70
740.0,101.08,99.88,102.28
760.0,100.71,99.50,101.92
780.0,101.13,99.91,102.35
800.0,101.96,100.75,103.17
820.0,102.34,101.13,103.55
840.0,101.60,100.18,103.03
860.0,100.43,99.29,101.56
880.0,102.09,100.83,103.34
900.0,103.38,102.02,104.73
920.0,102.94,101.81,104.08
940.0,102.25,101.04,103.45
960.0,101.85,100.45,103.25
980.0,103.21,102.10,104.32
1000.0,102.55,101.36,103.73
1020.0,103.27,102.18,104.35
1040.0,102.74,101.73,103.75
1060.0,103.33,102.00,104.67
1080.0,103.33,102.03,104.63
1100.0,102.51,101.14,103.88
1120.0,103.04,101.83,104.24
1140.0,102.49,101.13,103.84
1160.0,101.74,100.56,102.92
1180.0,102.58,101.35,103.81
1200.0,103.32,101.94,104.70
1220.0,103.30,102.16,104.45
1240.0,102.88,101.71,104.05
1260.0,104.04,102.84,105.24
1280.0,103.27,102.16,104.39
1300.0,103.17,102.18,104.15
1320.0,102.81,101.58,104.04
1340.0,102.89,101.73,104.05
1360.0,103.70,102.40,105.00
1380.0,103.39,102.15,104.64
1400.0,102.62,101.41,103.83
1420.0,101.98,100.82,103.14
1440.0,102.39,101.23,103.55
1460.0,103.18,102.04,104.32
1480.0,102.93,101.77,104.08
1500.0,103.42,101.98,104.85
1520.0,103.42,101.97,104.87
1540.0,103.37,101.99,104.76
1560.0,102.49,101.50,103.48
1580.0,102.26,101.09,103.42
1600.0,102.72,101.57,103.87
1620.0,103.44,102.30,104.58
1640.0,103.04,101.85,104.24
1660.0,103.66,102.60,104.73
1680.0,102.61,101.37,103.84
1700.0,103.33,102.11,104.55
1720.0,102.42,101.33,103.51
1740.0,103.58,102.48,104.69
1760.0,102.67,101.55,103.80
1780.0,103.21,102.05,104.36
1800.0,103.25,101.78,104.72
1820.0,103.28,102.18,104.37
1840.0,102.91,101.82,104.01
1860.0,104.37,103.33,105.40
1880.0,102.77,101.73,103.82
1900.0,103.13,101.87,104.39
1920.0,103.11,101.97,104.25
1940.0,103.15,102.17,104.14
1960.0,103.13,102.11,104.15
1980.0,103.21,102.02,104.40
2000.0,102.59,101.49,103.70
2020.0,103.57,102.38,104.76
2040.0,101.98,100.82,103.15
2060.0,103.23,102.03,104.43
2080.0,103.37,102.19,104.55
2100.0,102.55,101.34,103.75
2120.0,103.08,101.99,104.18
2140.0,102.67,101.59,103.75
2160.0,103.43,102.31,104.55
2180.0,102.43,101.24,103.61
2200.0,102.99,101.90,104.08
2220.0,102.66,101.58,103.73
2240.0,102.72,101.56,103.89
2260.0,102.22,101.25,103.20
2280.0,103.33,102.15,104.51
2300.0,102.58,101.49,103.67
2320.0,103.04,101.88,104.19
2340.0,102.63,101.50,103.77
2360.0,103.27,102.09,104.46
2380.0,103.16,101.97,104.35
2400.0,103.18,101.99,104.37
2420.0,103.35,102.21,104.48
2440.0,102.75,101.55,103.96
2460.0,102.88,101.58,104.18
2480.0,102.46,101.30,103.62
2500.0,102.07,101.14,103.01
2520.0,102.42,101.34,103.51
2540.0,102.73,101.76,103.71
2560.0,102.59,101.42,103.77
2580.0,102.53,101.49,103.56
2600.0,101.98,101.01,102.95
2620.0,102.72,101.75,103.69
2640.0,101.84,100.79,102.89
2660.0,102.96,101.71,104.21
2680.0,102.02,100.94,103.11
2700.0,102.41,101.22,103.61
2720.0,101.66,100.63,102.70
2740.0,102.55,101.46,103.65
2760.0,102.38,101.35,103.41
2780.0,101.97,101.20,102.73
2800.0,102.42,101.28,103.56
2820.0,102.49,101.51,103.47
2840.0,102.75,101.79,103.72
2860.0,102.65,101.61,103.68
2880.0,102.62,101.61,103.63
2900.0,101.84,100.80,102.87
2920.0,101.75,100.58,102.92
2940.0,101.50,100.38,102.61
2960.0,101.65,100.72,102.58
2980.0,101.79,100.82,102.76
3000.0,102.54,101.50,103.58
3020.0,101.95,100.92,102.98
3040.0,101.56,100.61,102.50
3060.0,101.63,100.62,102.64
3080.0,102.02,100.97,103.07
3100.0,101.30,100.37,102.23
3120.0,101.50,100.46,102.55
3140.0,101.30,100.36,102.24
3160.0,101.97,100.98,102.95
3180.0,101.54,100.51,102.57
3200.0,101.29,100.22,102.36
3220.0,101.91,100.71,103.10
3240.0,101.10,100.04,102.16
3260.0,101.45,100.43,102.48
3280.0,101.28,100.24,102.31
3300.0,101.97,101.02,102.92
3320.0,101.09,100.17,102.02
3340.0,101.26,100.27,102.26
3360.0,101.74,100.60,102.89
3380.0,100.70,99.48,101.91
3400.0,101.24,100.31,102.17
3420.0,101.30,100.15,102.46
3440.0,101.60,100.67,102.54
3460.0,100.94,100.16,101.71
3480.0,101.43,100.27,102.59
3500.0,101.22,100.24,102.21
3520.0,101.21,100.22,102.20
3540.0,101.23,100.03,102.43
3560.0,101.48,100.27,102.70
3580.0,100.79,99.79,101.78
3600.0,101.37,100.24,102.50
3620.0,100.91,99.77,102.06
3640.0,101.41,100.31,102.50
3660.0,101.43,100.47,102.40
3680.0,100.50,99.47,101.52
3700.0,101.73,100.70,102.76
3720.0,101.17,100.12,102.21
3740.0,101.07,100.12,102.01
3760.0,100.89,99.83,101.95
3780.0,100.24,99.30,101.18
3800.0,100.85,99.91,101.80
3820.0,100.84,99.85,101.84
3840.0,100.45,99.44,101.46
3860.0,101.21,100.05,102.37
3880.0,100.83,99.68,101.99
3900.0,100.58,99.54,101.61
3920.0,100.61,99.63,101.59
3940.0,100.54,99.53,101.54
3960.0,100.61,99.56,101.67
3980.0,100.48,99.39,101.58
4000.0,100.72,99.37,102.07
4020.0,100.74,99.59,101.88
4040.0,100.55,99.58,101.52
4060.0,100.27,99.42,101.12
4080.0,101.09,99.92,102.26
4100.0,100.10,99.10,101.10
4120.0,100.16,99.02,101.29
4140.0,101.30,100.34,102.26
4160.0,100.26,99.19,101.32
4180.0,100.16,99.02,101.29
4200.0,100.27,99.15,101.38
4220.0,100.68,99.72,101.65
4240.0,100.25,99.11,101.40
4260.0,100.34,99.35,101.33
4280.0,99.88,98.76,101.01
4300.0,100.37,99.21,101.54
4320.0,100.18,99.18,101.18
4340.0,100.68,99.44,101.91
4360.0,99.52,98.48,100.57
4380.0,100.35,99.28,101.42
4400.0,100.46,99.43,101.49
4420.0,100.04,98.97,101.11
4440.0,100.05,98.98,101.13
4460.0,99.58,98.70,100.46
4480.0,100.41,99.26,101.56
4500.0,99.78,98.68,100.88
4520.0,99.98,99.03,100.93
4540.0,100.15,99.23,101.07
4560.0,99.84,98.65,101.03
4580.0,99.87,98.79,100.95
4600.0,99.64,98.30,100.99
4620.0,99.96,98.87,101.05
4640.0,100.26,99.19,101.32
4660.0,100.76,99.64,101.87
4680.0,99.68,98.55,100.80
4700.0,99.80,98.79,100.81
4720.0,99.36,98.33,100.40
4740.0,99.94,98.87,101.01
4760.0,99.26,98.27,100.26
4780.0,99.61,98.59,100.64
4800.0,99.02,97.94,100.10
4820.0,99.58,98.43,100.72
4840.0,98.92,97.90,99.93
4860.0,99.40,98.31,100.50
4880.0,98.91,97.78,100.03
4900.0,99.70,98.71,100.70
4920.0,99.62,98.58,100.65
4940.0,99.00,98.13,99.86
4960.0,99.46,98.43,100.50
4980.0,98.94,97.78,100.10
5000.0,99.26,98.15,100.38
