trial,mean,ci_down,ci_up
0.0,0.00,0.00,0.00
20.0,0.10,0.05,0.15
40.0,0.43,0.30,0.56
60.0,0.99,0.78,1.19
80.0,1.59,1.34,1.83
100.0,2.35,2.04,2.66
120.0,3.15,2.78,3.51
140.0,4.49,4.05,4.93
160.0,6.01,5.55,6.48
180.0,7.08,6.59,7.57
200.0,8.50,7.99,9.01
220.0,9.84,9.30,10.38
240.0,10.83,10.29,11.38
260.0,12.02,11.43,12.61
280.0,13.07,12.45,13.69
300.0,14.13,13.49,14.76
320.0,15.10,14.46,15.74
340.0,16.22,15.53,16.91
360.0,17.47,16.73,18.20
380.0,18.95,18.21,19.70
400.0,20.19,19.45,20.93
420.0,21.39,20.60,22.17
440.0,22.59,21.80,23.38
460.0,23.68,22.87,24.49
480.0,24.69,23.89,25.49
500.0,25.73,24.88,26.57
520.0,26.60,25.74,27.46
540.0,27.43,26.52,28.33
560.0,28.25,27.31,29.18
580.0,29.39,28.40,30.39
600.0,30.31,29.30,31.31
620.0,31.17,30.13,32.22
640.0,31.93,30.88,32.97
660.0,32.81,31.73,33.89
680.0,33.61,32.51,34.71
700.0,34.50,33.38,35.62
720.0,35.34,34.20,36.48
740.0,36.37,35.17,37.58
760.0,37.37,36.15,38.58
780.0,38.19,36.97,39.42
800.0,39.01,37.75,40.26
820.0,39.74,38.48,41.00
840.0,40.46,39.20,41.71
860.0,41.15,39.85,42.44
880.0,41.83,40.51,43.16
900.0,42.68,41.35,44.01
920.0,43.58,42.22,44.94
940.0,44.45,43.08,45.81
960.0,45.47,44.11,46.82
980.0,46.27,44.92,47.62
1000.0,47.13,45.78,48.47
1020.0,47.91,46.54,49.29
1040.0,48.53,47.11,49.95
1060.0,49.21,47.78,50.65
1080.0,49.95,48.50,51.40
1100.0,50.91,49.45,52.36
1120.0,51.65,50.16,53.14
1140.0,52.53,51.05,54.00
1160.0,53.38,51.89,54.87
1180.0,54.04,52.54,55.54
1200.0,54.79,53.26,56.32
1220.0,55.54,54.00,57.08
1240.0,56.33,54.75,57.90
1260.0,56.95,55.35,58.55
1280.0,57.55,55.97,59.14
1300.0,58.33,56.68,59.98
1320.0,59.03,57.33,60.72
1340.0,59.68,57.94,61.42
1360.0,60.39,58.65,62.14
1380.0,60.91,59.14,62.67
1400.0,61.65,59.84,63.45
1420.0,62.25,60.45,64.05
1440.0,62.91,61.06,64.75
1460.0,63.57,61.68,65.45
1480.0,64.19,62.28,66.11
1500.0,64.85,62.93,66.77
1520.0,65.49,63.54,67.43
1540.0,66.21,64.27,68.15
1560.0,66.91,64.95,68.86
1580.0,67.58,65.63,69.53
1600.0,68.05,66.12,69.97
1620.0,68.57,66.63,70.50
1640.0,69.34,67.39,71.30
1660.0,69.83,67.84,71.82
1680.0,70.49,68.49,72.50
1700.0,71.19,69.20,73.18
1720.0,71.95,69.93,73.97
1740.0,72.69,70.65,74.74
1760.0,73.37,71.31,75.42
1780.0,74.03,71.96,76.11
1800.0,74.79,72.71,76.88
1820.0,75.40,73.29,77.51
1840.0,75.98,73.88,78.08
1860.0,76.54,74.42,78.66
1880.0,77.11,74.98,79.25
1900.0,77.69,75.56,79.82
1920.0,78.18,76.09,80.27
1940.0,78.87,76.81,80.94
1960.0,79.38,77.29,81.47
1980.0,79.81,77.69,81.94
2000.0,80.37,78.21,82.52
2020.0,80.83,78.66,83.00
2040.0,81.35,79.19,83.52
2060.0,81.78,79.61,83.95
2080.0,82.44,80.24,84.64
2100.0,83.04,80.82,85.26
2120.0,83.53,81.31,85.76
2140.0,84.07,81.79,86.35
2160.0,84.57,82.32,86.83
2180.0,85.12,82.88,87.36
2200.0,85.60,83.31,87.89
2220.0,86.03,83.71,88.34
2240.0,86.57,84.26,88.89
2260.0,87.06,84.75,89.37
2280.0,87.57,85.25,89.89
2300.0,88.06,85.72,90.40
2320.0,88.53,86.18,90.87
2340.0,89.13,86.78,91.49
2360.0,89.61,87.27,91.96
2380.0,90.08,87.72,92.44
2400.0,90.61,88.24,92.98
2420.0,91.08,88.70,93.46
2440.0,91.63,89.29,93.96
2460.0,92.13,89.79,94.47
2480.0,92.61,90.23,95.00
2500.0,93.06,90.65,95.46
2520.0,93.57,91.18,95.96
2540.0,93.96,91.56,96.36
2560.0,94.42,92.02,96.82
2580.0,94.76,92.34,97.18
2600.0,95.21,92.76,97.65
2620.0,95.65,93.20,98.09
2640.0,96.03,93.58,98.47
2660.0,96.47,94.00,98.93
2680.0,96.92,94.42,99.41
2700.0,97.36,94.84,99.88
2720.0,97.87,95.34,100.39
2740.0,98.31,95.75,100.86
2760.0,98.82,96.23,101.41
2780.0,99.38,96.77,101.99
2800.0,99.82,97.22,102.42
2820.0,100.23,97.62,102.85
2840.0,100.70,98.09,103.31
2860.0,101.11,98.49,103.72
2880.0,101.57,98.95,104.19
2900.0,102.07,99.43,104.72
2920.0,102.51,99.85,105.17
2940.0,103.01,100.36,105.67
2960.0,103.50,100.84,106.16
2980.0,103.99,101.29,106.70
3000.0,104.60,101.86,107.34
3020.0,105.15,102.42,107.87
3040.0,105.71,102.97,108.44
3060.0,106.23,103.53,108.93
3080.0,106.67,103.98,109.37
3100.0,107.08,104.38,109.78
3120.0,107.52,104.81,110.23
3140.0,107.95,105.25,110.65
3160.0,108.33,105.65,111.01
3180.0,108.67,105.98,111.37
3200.0,109.19,106.51,111.88
3220.0,109.66,106.96,112.36
3240.0,110.07,107.34,112.79
3260.0,110.53,107.79,113.26
3280.0,110.99,108.24,113.74
3300.0,111.47,108.70,114.24
3320.0,111.87,109.11,114.63
3340.0,112.31,109.55,115.06
3360.0,112.67,109.94,115.41
3380.0,113.14,110.39,115.89
3400.0,113.55,110.78,116.32
3420.0,113.89,111.10,116.68
3440.0,114.29,111.47,117.11
3460.0,114.71,111.88,117.54
3480.0,115.17,112.37,117.98
3500.0,115.51,112.71,118.31
3520.0,115.95,113.15,118.74
3540.0,116.33,113.55,119.11
3560.0,116.72,113.96,119.48
3580.0,117.15,114.42,119.88
3600.0,117.57,114.83,120.30
3620.0,117.91,115.17,120.65
3640.0,118.24,115.49,120.99
3660.0,118.57,115.83,121.30
3680.0,118.93,116.17,121.68
3700.0,119.23,116.48,121.98
3720.0,119.51,116.75,122.28
3740.0,119.83,117.06,122.61
3760.0,120.26,117.49,123.03
3780.0,120.59,117.84,123.35
3800.0,120.99,118.22,123.76
3820.0,121.36,118.58,124.14
3840.0,121.78,119.02,124.54
3860.0,122.18,119.42,124.94
3880.0,122.51,119.74,125.29
3900.0,122.77,119.98,125.55
3920.0,123.07,120.28,125.87
3940.0,123.35,120.58,126.12
3960.0,123.71,120.92,126.49
3980.0,124.09,121.29,126.89
4000.0,124.43,121.61,127.25
4020.0,124.75,121.91,127.58
4040.0,125.15,122.30,127.99
4060.0,125.50,122.65,128.35
4080.0,125.89,123.03,128.74
4100.0,126.14,123.30,128.98
4120.0,126.49,123.66,129.32
4140.0,126.81,123.99,129.62
4160.0,127.23,124.42,130.05
4180.0,127.54,124.71,130.37
4200.0,127.86,125.05,130.67
4220.0,128.19,125.38,131.00
4240.0,128.54,125.74,131.34
4260.0,128.95,126.18,131.73
4280.0,129.29,126.52,132.05
4300.0,129.53,126.77,132.29
4320.0,129.87,127.13,132.62
4340.0,130.19,127.43,132.95
4360.0,130.50,127.73,133.27
4380.0,130.85,128.08,133.62
4400.0,131.19,128.42,133.96
4420.0,131.45,128.66,134.25
4440.0,131.81,129.02,134.60
4460.0,132.14,129.32,134.96
4480.0,132.49,129.70,135.29
4500.0,132.76,129.95,135.57
4520.0,133.10,130.28,135.92
4540.0,133.44,130.62,136.25
4560.0,133.77,130.95,136.60
4580.0,134.19,131.39,136.99
4600.0,134.51,131.70,137.33
4620.0,134.88,132.05,137.71
4640.0,135.19,132.35,138.03
4660.0,135.60,132.75,138.45
4680.0,135.88,133.04,138.72
4700.0,136.31,133.47,139.15
4720.0,136.61,133.77,139.46
4740.0,136.99,134.15,139.84
4760.0,137.34,134.49,140.19
4780.0,137.58,134.71,140.45
4800.0,137.85,134.97,140.72
4820.0,138.19,135.35,141.04
4840.0,138.51,135.64,141.37
4860.0,138.81,135.92,141.70
4880.0,139.09,136.20,141.97
4900.0,139.43,136.54,142.32
4920.0,139.73,136.83,142.62
4940.0,140.01,137.10,142.93
4960.0,140.31,137.38,143.25
4980.0,140.51,137.57,143.45
5000.0,140.87,137.92,143.83
