trial,mean,ci_down,ci_up
0.0,34.77,34.40,35.14
5.0,34.04,33.68,34.40
10.0,32.83,32.47,33.19
15.0,32.00,31.66,32.34
20.0,31.51,31.16,31.86
25.0,31.19,30.84,31.54
30.0,30.17,29.83,30.51
35.0,29.97,29.64,30.30
40.0,29.60,29.28,29.92
45.0,29.33,29.01,29.66
50.0,28.73,28.42,29.05
55.0,28.51,28.20,28.82
60.0,28.00,27.69,28.32
65.0,27.75,27.45,28.06
70.0,27.68,27.37,28.00
75.0,27.04,26.74,27.33
80.0,27.17,26.88,27.47
85.0,26.73,26.42,27.03
90.0,26.67,26.38,26.96
95.0,26.18,25.89,26.47
100.0,26.42,26.14,26.71
105.0,26.07,25.77,26.37
110.0,25.96,25.66,26.25
115.0,25.92,25.63,26.21
120.0,25.91,25.61,26.21
125.0,25.40,25.11,25.69
130.0,25.57,25.28,25.87
135.0,25.18,24.89,25.46
140.0,25.36,25.08,25.65
145.0,25.00,24.71,25.28
150.0,25.18,24.89,25.46
155.0,24.78,24.51,25.05
160.0,24.79,24.51,25.08
165.0,24.81,24.52,25.09
170.0,25.03,24.74,25.33
175.0,24.69,24.41,24.97
180.0,24.72,24.44,25.01
185.0,24.84,24.56,25.12
190.0,24.54,24.26,24.82
195.0,24.51,24.23,24.79
200.0,24.64,24.36,24.92
205.0,24.68,24.40,24.95
210.0,24.45,24.17,24.73
215.0,24.62,24.34,24.89
220.0,24.58,24.29,24.87
225.0,24.36,24.07,24.64
230.0,24.34,24.06,24.62
235.0,24.33,24.06,24.60
240.0,24.73,24.45,25.02
245.0,24.57,24.30,24.84
250.0,24.43,24.15,24.71
255.0,24.49,24.20,24.77
260.0,24.35,24.07,24.63
265.0,24.35,24.07,24.63
270.0,24.45,24.18,24.73
275.0,24.25,23.97,24.53
280.0,24.43,24.14,24.71
285.0,24.20,23.92,24.48
290.0,24.30,24.02,24.57
295.0,24.01,23.74,24.27
300.0,24.28,23.99,24.57
305.0,24.32,24.05,24.59
310.0,24.19,23.91,24.47
315.0,24.62,24.34,24.89
320.0,24.22,23.95,24.49
325.0,24.17,23.89,24.44
330.0,24.13,23.85,24.42
335.0,24.38,24.11,24.65
340.0,24.40,24.12,24.68
345.0,24.17,23.88,24.45
350.0,24.20,23.92,24.48
355.0,24.18,23.91,24.45
360.0,24.18,23.89,24.47
365.0,24.45,24.18,24.72
370.0,24.42,24.14,24.70
375.0,24.16,23.89,24.43
380.0,24.30,24.01,24.58
385.0,24.36,24.09,24.64
390.0,24.23,23.96,24.50
395.0,24.25,23.97,24.53
400.0,24.30,24.02,24.58
405.0,24.34,24.07,24.61
410.0,24.29,24.01,24.57
415.0,24.05,23.77,24.32
420.0,24.42,24.13,24.71
425.0,24.34,24.06,24.62
430.0,24.12,23.86,24.39
435.0,24.36,24.08,24.63
440.0,24.44,24.18,24.70
445.0,24.43,24.15,24.71
450.0,24.19,23.93,24.45
455.0,24.22,23.94,24.50
460.0,24.36,24.08,24.64
465.0,24.44,24.15,24.72
470.0,24.19,23.92,24.46
475.0,24.49,24.20,24.78
480.0,24.55,24.27,24.83
485.0,24.37,24.09,24.65
490.0,24.46,24.20,24.72
495.0,24.08,23.81,24.35
500.0,24.03,23.76,24.31
