trial,mean,ci_down,ci_up
0.0,0.00,0.00,0.00
5.0,2.54,2.28,2.80
10.0,6.15,5.60,6.70
15.0,10.04,9.25,10.82
20.0,14.70,13.51,15.90
25.0,20.94,19.34,22.54
30.0,28.27,26.41,30.13
35.0,35.02,32.80,37.25
40.0,43.38,41.03,45.73
45.0,51.70,49.09,54.31
50.0,59.98,57.25,62.70
55.0,68.24,65.25,71.24
60.0,77.26,74.19,80.34
65.0,87.07,83.89,90.25
70.0,96.24,92.88,99.61
75.0,105.52,102.07,108.97
80.0,113.81,110.44,117.19
85.0,122.24,118.77,125.70
90.0,130.62,126.91,134.33
95.0,137.95,134.19,141.71
100.0,146.98,143.20,150.75
105.0,154.84,151.01,158.67
110.0,162.84,158.82,166.87
115.0,170.74,166.68,174.80
120.0,178.68,174.45,182.90
125.0,185.93,181.62,190.23
130.0,193.28,189.14,197.42
135.0,200.25,196.12,204.38
140.0,207.49,203.49,211.49
145.0,214.01,209.91,218.12
150.0,220.78,216.60,224.97
155.0,227.60,223.44,231.75
160.0,233.88,229.61,238.14
165.0,240.95,236.74,245.17
170.0,246.63,242.43,250.84
175.0,253.34,249.26,257.43
180.0,259.73,255.70,263.76
185.0,266.22,262.36,270.07
190.0,271.83,267.93,275.73
195.0,278.90,274.81,283.00
200.0,284.96,280.78,289.14
205.0,290.75,286.53,294.97
210.0,295.91,291.56,300.25
215.0,301.36,297.04,305.67
220.0,306.72,302.29,311.15
225.0,311.99,307.57,316.41
230.0,317.69,313.16,322.21
235.0,323.50,318.92,328.07
240.0,329.24,324.62,333.86
245.0,334.37,329.81,338.93
250.0,339.57,335.03,344.11
255.0,344.79,340.10,349.47
260.0,350.36,345.67,355.05
265.0,355.41,350.61,360.21
270.0,360.13,355.23,365.04
275.0,364.69,359.70,369.69
280.0,369.45,364.39,374.51
285.0,374.31,369.30,379.32
290.0,379.07,374.04,384.10
295.0,383.35,378.44,388.25
300.0,387.41,382.48,392.34
305.0,391.74,386.66,396.81
310.0,396.17,391.10,401.23
315.0,400.84,395.69,406.00
320.0,404.63,399.45,409.81
325.0,408.63,403.42,413.84
330.0,412.83,407.73,417.93
335.0,416.86,411.66,422.06
340.0,420.66,415.47,425.86
345.0,424.63,419.50,429.76
350.0,428.40,423.30,433.50
355.0,432.07,426.98,437.15
360.0,436.04,430.89,441.18
365.0,439.15,434.02,444.28
370.0,442.69,437.60,447.79
375.0,445.95,440.90,451.00
380.0,449.35,444.33,454.37
385.0,452.74,447.73,457.75
390.0,456.12,451.23,461.00
395.0,459.82,455.04,464.60
400.0,462.87,458.19,467.54
405.0,465.53,460.95,470.12
410.0,468.23,463.87,472.59
415.0,471.19,466.99,475.39
420.0,473.76,469.67,477.86
425.0,476.18,472.17,480.19
430.0,478.26,474.38,482.13
435.0,480.48,476.74,484.22
440.0,482.31,478.76,485.87
445.0,484.39,481.10,487.68
450.0,486.01,482.93,489.10
455.0,487.55,484.61,490.49
460.0,488.90,486.22,491.58
465.0,490.20,487.71,492.68
470.0,491.26,488.94,493.59
475.0,492.51,490.41,494.61
480.0,493.48,491.60,495.36
485.0,494.31,492.55,496.06
490.0,495.23,493.64,496.82
495.0,495.89,494.39,497.38
500.0,496.56,495.20,497.92
