trial,mean,ci_down,ci_up
0.0,34.48,34.00,34.97
5.0,34.19,33.74,34.65
10.0,34.15,33.69,34.62
15.0,33.94,33.50,34.38
20.0,34.26,33.79,34.73
25.0,33.75,33.28,34.22
30.0,33.30,32.85,33.75
35.0,33.39,32.92,33.86
40.0,33.44,32.98,33.91
45.0,33.55,33.11,33.98
50.0,33.76,33.29,34.24
55.0,33.95,33.49,34.42
60.0,33.53,33.08,33.98
65.0,33.96,33.49,34.43
70.0,33.43,32.96,33.90
75.0,33.55,33.10,34.01
80.0,33.81,33.38,34.25
85.0,33.15,32.69,33.60
90.0,33.87,33.42,34.31
95.0,33.64,33.19,34.09
100.0,33.83,33.36,34.30
105.0,33.88,33.40,34.35
110.0,33.57,33.11,34.03
115.0,33.76,33.31,34.20
120.0,33.47,33.03,33.92
125.0,33.82,33.39,34.25
130.0,33.14,32.71,33.58
135.0,33.71,33.27,34.15
140.0,33.07,32.62,33.52
145.0,33.81,33.35,34.26
150.0,33.73,33.26,34.20
155.0,33.79,33.34,34.25
160.0,33.61,33.16,34.06
165.0,33.63,33.18,34.09
170.0,33.84,33.37,34.30
175.0,33.42,32.99,33.84
180.0,33.48,33.05,33.92
185.0,34.06,33.59,34.53
190.0,33.72,33.26,34.17
195.0,33.55,33.10,34.01
200.0,34.02,33.56,34.48
205.0,34.09,33.66,34.53
210.0,33.57,33.11,34.03
215.0,33.60,33.13,34.07
220.0,33.75,33.27,34.22
225.0,34.13,33.66,34.61
230.0,33.70,33.25,34.15
235.0,33.53,33.08,33.99
240.0,33.61,33.14,34.08
245.0,33.73,33.27,34.20
250.0,33.39,32.92,33.86
255.0,33.80,33.34,34.26
260.0,33.94,33.47,34.40
265.0,33.24,32.79,33.69
270.0,33.88,33.43,34.34
275.0,33.61,33.15,34.06
280.0,33.64,33.20,34.07
285.0,33.53,33.07,34.00
290.0,33.78,33.31,34.24
295.0,33.93,33.46,34.41
300.0,33.61,33.13,34.08
305.0,33.67,33.23,34.11
310.0,33.20,32.74,33.65
315.0,33.99,33.54,34.45
320.0,33.86,33.39,34.33
325.0,34.00,33.55,34.45
330.0,33.51,33.07,33.94
335.0,34.15,33.67,34.64
340.0,33.70,33.25,34.15
345.0,33.67,33.20,34.13
350.0,33.88,33.42,34.35
355.0,33.64,33.18,34.11
360.0,33.84,33.40,34.28
365.0,33.65,33.19,34.11
370.0,33.32,32.86,33.79
375.0,33.43,32.99,33.87
380.0,33.95,33.50,34.40
385.0,33.43,32.99,33.87
390.0,33.62,33.15,34.08
395.0,33.30,32.85,33.75
400.0,33.75,33.29,34.21
405.0,33.71,33.25,34.17
410.0,33.70,33.23,34.16
415.0,33.82,33.36,34.27
420.0,33.61,33.16,34.06
425.0,34.07,33.58,34.56
430.0,33.83,33.38,34.29
435.0,33.75,33.30,34.20
440.0,33.52,33.05,34.00
445.0,33.75,33.31,34.19
450.0,33.65,33.21,34.10
455.0,33.73,33.28,34.18
460.0,33.91,33.46,34.36
465.0,33.75,33.29,34.20
470.0,33.67,33.21,34.13
475.0,33.79,33.33,34.26
480.0,33.86,33.39,34.32
485.0,33.37,32.91,33.83
490.0,33.88,33.41,34.36
495.0,33.81,33.34,34.28
500.0,33.63,33.18,34.09
