trial,mean,ci_down,ci_up
0.0,34.73,34.26,35.21
5.0,33.77,33.31,34.24
10.0,32.56,32.11,33.00
15.0,31.85,31.39,32.31
20.0,30.77,30.33,31.21
25.0,30.34,29.91,30.78
30.0,29.55,29.14,29.95
35.0,28.75,28.36,29.15
40.0,28.32,27.90,28.74
45.0,27.48,27.07,27.89
50.0,26.84,26.46,27.23
55.0,26.67,26.28,27.06
60.0,26.33,25.93,26.73
65.0,26.14,25.76,26.51
70.0,25.35,24.96,25.73
75.0,25.46,25.10,25.82
80.0,25.25,24.87,25.64
85.0,24.64,24.27,25.02
90.0,24.36,23.99,24.72
95.0,24.38,24.00,24.76
100.0,24.08,23.72,24.44
105.0,23.91,23.56,24.26
110.0,24.00,23.63,24.38
115.0,23.34,22.98,23.70
120.0,23.39,23.05,23.74
125.0,23.08,22.73,23.43
130.0,22.74,22.41,23.06
135.0,22.94,22.59,23.28
140.0,22.84,22.50,23.18
145.0,22.80,22.46,23.13
150.0,22.54,22.19,22.88
155.0,22.44,22.09,22.78
160.0,22.27,21.94,22.60
165.0,22.16,21.82,22.51
170.0,22.09,21.75,22.42
175.0,21.87,21.55,22.18
180.0,21.83,21.50,22.16
185.0,21.58,21.25,21.92
190.0,21.65,21.32,21.98
195.0,21.72,21.38,22.06
200.0,21.48,21.14,21.83
205.0,21.32,21.00,21.64
210.0,21.39,21.05,21.73
215.0,21.41,21.09,21.74
220.0,21.45,21.12,21.77
225.0,21.26,20.94,21.58
230.0,21.06,20.75,21.37
235.0,21.08,20.76,21.40
240.0,20.94,20.62,21.26
245.0,21.03,20.71,21.34
250.0,20.93,20.62,21.23
255.0,20.78,20.46,21.10
260.0,20.79,20.47,21.12
265.0,20.49,20.18,20.79
270.0,20.47,20.17,20.77
275.0,20.70,20.39,21.01
280.0,20.76,20.45,21.08
285.0,20.85,20.53,21.17
290.0,20.73,20.43,21.03
295.0,20.31,20.00,20.63
300.0,20.71,20.40,21.02
305.0,20.52,20.22,20.82
310.0,20.36,20.05,20.68
315.0,20.40,20.08,20.72
320.0,20.40,20.09,20.71
325.0,20.07,19.76,20.38
330.0,20.28,19.96,20.60
335.0,20.33,20.02,20.64
340.0,20.43,20.12,20.74
345.0,20.15,19.86,20.44
350.0,20.17,19.88,20.47
355.0,20.27,19.96,20.58
360.0,20.21,19.90,20.53
365.0,20.19,19.88,20.51
370.0,20.16,19.85,20.48
375.0,20.39,20.07,20.71
380.0,20.29,19.97,20.61
385.0,20.16,19.86,20.46
390.0,19.92,19.61,20.22
395.0,19.89,19.57,20.20
400.0,19.87,19.55,20.19
405.0,20.24,19.92,20.56
410.0,20.21,19.91,20.52
415.0,20.06,19.75,20.38
420.0,20.05,19.75,20.35
425.0,20.05,19.74,20.37
430.0,20.12,19.81,20.44
435.0,19.94,19.62,20.25
440.0,19.87,19.58,20.17
445.0,20.05,19.76,20.33
450.0,19.74,19.45,20.04
455.0,19.74,19.45,20.04
460.0,20.05,19.74,20.35
465.0,19.80,19.50,20.10
470.0,19.64,19.34,19.93
475.0,19.89,19.59,20.20
480.0,19.82,19.50,20.14
485.0,19.63,19.34,19.93
490.0,19.80,19.49,20.10
495.0,19.83,19.52,20.14
500.0,19.74,19.44,20.05
